%Kjeller noon daily mean, SZA<85.0,  59.98 N  11.05 E
%Year	Daynum	SZA	GUV_Ozone	GUV_CLT	Ozone TOMS/OMI	GUV-Serialnumber
2019	1	   NaN	   NaN	 NaN	313.51	NaN
2019	2	   NaN	   NaN	 NaN	278.72	NaN
2019	3	   NaN	   NaN	 NaN	262.87	NaN
2019	4	   NaN	   NaN	 NaN	257.81	NaN
2019	5	   NaN	   NaN	 NaN	264.30	NaN
2019	6	   NaN	   NaN	 NaN	295.24	NaN
2019	7	   NaN	   NaN	 NaN	309.65	NaN
2019	8	   NaN	   NaN	 NaN	375.96	NaN
2019	9	   NaN	   NaN	 NaN	331.38	NaN
2019	10	   NaN	   NaN	 NaN	354.71	NaN
2019	11	   NaN	   NaN	 NaN	366.32	NaN
2019	12	   NaN	   NaN	 NaN	365.53	NaN
2019	13	   NaN	   NaN	 NaN	344.29	NaN
2019	14	   NaN	   NaN	 NaN	361.31	NaN
2019	15	   NaN	   NaN	 NaN	355.59	NaN
2019	16	   NaN	   NaN	 NaN	341.43	NaN
2019	17	   NaN	   NaN	 NaN	398.76	NaN
2019	18	   NaN	   NaN	 NaN	382.35	NaN
2019	19	   NaN	   NaN	 NaN	397.37	NaN
2019	20	   NaN	   NaN	 NaN	428.81	NaN
2019	21	   NaN	   NaN	 NaN	406.74	NaN
2019	22	   NaN	   NaN	 NaN	377.35	NaN
2019	23	   NaN	   NaN	 NaN	   NaN	NaN
2019	24	   NaN	   NaN	 NaN	418.07	NaN
2019	25	   NaN	   NaN	 NaN	377.73	NaN
2019	26	   NaN	   NaN	 NaN	402.54	NaN
2019	27	   NaN	   NaN	 NaN	429.19	NaN
2019	28	   NaN	   NaN	 NaN	   NaN	NaN
2019	29	   NaN	   NaN	 NaN	382.09	NaN
2019	30	   NaN	   NaN	 NaN	369.17	NaN
2019	31	   NaN	   NaN	 NaN	364.12	NaN
2019	32	   NaN	   NaN	 NaN	375.30	NaN
2019	33	   NaN	   NaN	 NaN	377.46	NaN
2019	34	   NaN	   NaN	 NaN	432.39	NaN
2019	35	   NaN	   NaN	 NaN	363.77	NaN
2019	36	   NaN	   NaN	 NaN	374.18	NaN
2019	37	   NaN	   NaN	 NaN	355.84	NaN
2019	38	   NaN	   NaN	 NaN	407.04	NaN
2019	39	   NaN	   NaN	 NaN	425.93	NaN
2019	40	   NaN	   NaN	 NaN	406.86	NaN
2019	41	   NaN	   NaN	 NaN	428.98	NaN
2019	42	   NaN	   NaN	 NaN	439.56	NaN
2019	43	   NaN	   NaN	 NaN	333.14	NaN
2019	44	   NaN	   NaN	 NaN	312.93	NaN
2019	45	   NaN	   NaN	 NaN	315.62	NaN
2019	46	   NaN	   NaN	 NaN	324.23	NaN
2019	47	   NaN	   NaN	 NaN	358.95	NaN
2019	48	   NaN	   NaN	 NaN	286.45	NaN
2019	49	   NaN	   NaN	 NaN	284.25	NaN
2019	50	   NaN	   NaN	 NaN	467.69	NaN
2019	51	   NaN	   NaN	 NaN	341.66	NaN
2019	52	   NaN	   NaN	 NaN	335.61	NaN
2019	53	   NaN	   NaN	 NaN	239.73	NaN
2019	54	   NaN	   NaN	 NaN	275.76	NaN
2019	55	   NaN	   NaN	 NaN	320.65	NaN
2019	56	   NaN	   NaN	 NaN	269.61	NaN
2019	57	   NaN	   NaN	 NaN	280.31	NaN
2019	58	   NaN	   NaN	 NaN	298.73	NaN
2019	59	   NaN	   NaN	 NaN	389.22	NaN
2019	60	   NaN	   NaN	 NaN	   NaN	NaN
2019	61	   NaN	   NaN	 NaN	312.27	NaN
2019	62	   NaN	   NaN	 NaN	394.20	NaN
2019	63	   NaN	   NaN	 NaN	375.41	NaN
2019	64	   NaN	   NaN	 NaN	382.72	NaN
2019	65	   NaN	   NaN	 NaN	400.79	NaN
2019	66	   NaN	   NaN	 NaN	401.65	NaN
2019	67	   NaN	   NaN	 NaN	397.18	NaN
2019	68	   NaN	   NaN	 NaN	417.85	NaN
2019	69	   NaN	   NaN	 NaN	448.51	NaN
2019	70	   NaN	   NaN	 NaN	472.56	NaN
2019	71	   NaN	   NaN	 NaN	395.62	NaN
2019	72	   NaN	   NaN	 NaN	470.09	NaN
2019	73	   NaN	   NaN	 NaN	433.82	NaN
2019	74	   NaN	   NaN	 NaN	394.59	NaN
2019	75	   NaN	   NaN	 NaN	414.71	NaN
2019	76	   NaN	   NaN	 NaN	451.90	NaN
2019	77	   NaN	   NaN	 NaN	445.98	NaN
2019	78	   NaN	   NaN	 NaN	291.79	NaN
2019	79	   NaN	   NaN	 NaN	319.53	NaN
2019	80	   NaN	   NaN	 NaN	285.20	NaN
2019	81	   NaN	   NaN	 NaN	315.55	NaN
2019	82	   NaN	   NaN	 NaN	420.51	NaN
2019	83	   NaN	   NaN	 NaN	439.76	NaN
2019	84	   NaN	   NaN	 NaN	428.76	NaN
2019	85	   NaN	   NaN	 NaN	322.26	NaN
2019	86	   NaN	   NaN	 NaN	333.11	NaN
2019	87	   NaN	   NaN	 NaN	329.70	NaN
2019	88	   NaN	   NaN	 NaN	319.23	NaN
2019	89	   NaN	   NaN	 NaN	347.37	NaN
2019	90	   NaN	   NaN	 NaN	427.44	NaN
2019	91	   NaN	   NaN	 NaN	318.28	NaN
2019	92	   NaN	   NaN	 NaN	   NaN	NaN
2019	93	   NaN	   NaN	 NaN	409.73	NaN
2019	94	   NaN	   NaN	 NaN	404.05	NaN
2019	95	   NaN	   NaN	 NaN	408.44	NaN
2019	96	   NaN	   NaN	 NaN	396.94	NaN
2019	97	   NaN	   NaN	 NaN	374.35	NaN
2019	98	   NaN	   NaN	 NaN	367.47	NaN
2019	99	   NaN	   NaN	 NaN	405.66	NaN
2019	100	   NaN	   NaN	 NaN	400.08	NaN
2019	101	   NaN	   NaN	 NaN	405.61	NaN
2019	102	   NaN	   NaN	 NaN	383.39	NaN
2019	103	   NaN	   NaN	 NaN	393.43	NaN
2019	104	   NaN	   NaN	 NaN	372.62	NaN
2019	105	   NaN	   NaN	 NaN	340.50	NaN
2019	106	   NaN	   NaN	 NaN	324.69	NaN
2019	107	   NaN	   NaN	 NaN	317.81	NaN
2019	108	   NaN	   NaN	 NaN	305.05	NaN
2019	109	   NaN	   NaN	 NaN	312.28	NaN
2019	110	   NaN	   NaN	 NaN	292.51	NaN
2019	111	   NaN	   NaN	 NaN	286.11	NaN
2019	112	   NaN	   NaN	 NaN	301.01	NaN
2019	113	   NaN	   NaN	 NaN	308.28	NaN
2019	114	   NaN	   NaN	 NaN	350.86	NaN
2019	115	   NaN	   NaN	 NaN	358.22	NaN
2019	116	   NaN	   NaN	 NaN	330.81	NaN
2019	117	   NaN	   NaN	 NaN	314.53	NaN
2019	118	   NaN	   NaN	 NaN	316.76	NaN
2019	119	   NaN	   NaN	 NaN	338.87	NaN
2019	120	   NaN	   NaN	 NaN	354.11	NaN
2019	121	   NaN	   NaN	 NaN	354.44	NaN
2019	122	   NaN	   NaN	 NaN	436.18	NaN
2019	123	   NaN	   NaN	 NaN	444.70	NaN
2019	124	   NaN	   NaN	 NaN	   NaN	NaN
2019	125	   NaN	   NaN	 NaN	434.87	NaN
2019	126	   NaN	   NaN	 NaN	500.33	NaN
2019	127	   NaN	   NaN	 NaN	519.78	NaN
2019	128	   NaN	   NaN	 NaN	502.13	NaN
2019	129	   NaN	   NaN	 NaN	425.20	NaN
2019	130	   NaN	   NaN	 NaN	402.21	NaN
2019	131	   NaN	   NaN	 NaN	408.50	NaN
2019	132	   NaN	   NaN	 NaN	401.07	NaN
2019	133	   NaN	   NaN	 NaN	373.27	NaN
2019	134	   NaN	   NaN	 NaN	376.24	NaN
2019	135	   NaN	   NaN	 NaN	373.77	NaN
2019	136	   NaN	   NaN	 NaN	338.31	NaN
2019	137	   NaN	   NaN	 NaN	328.08	NaN
2019	138	   NaN	   NaN	 NaN	343.28	NaN
2019	139	   NaN	   NaN	 NaN	355.54	NaN
2019	140	   NaN	   NaN	 NaN	353.39	NaN
2019	141	   NaN	   NaN	 NaN	340.31	NaN
2019	142	   NaN	   NaN	 NaN	328.97	NaN
2019	143	   NaN	   NaN	 NaN	374.45	NaN
2019	144	   NaN	   NaN	 NaN	367.13	NaN
2019	145	   NaN	   NaN	 NaN	337.09	NaN
2019	146	   NaN	   NaN	 NaN	362.56	NaN
2019	147	   NaN	   NaN	 NaN	343.70	NaN
2019	148	   NaN	   NaN	 NaN	363.92	NaN
2019	149	   NaN	   NaN	 NaN	389.11	NaN
2019	150	   NaN	   NaN	 NaN	357.39	NaN
2019	151	   NaN	   NaN	 NaN	371.98	NaN
2019	152	   NaN	   NaN	 NaN	393.77	NaN
2019	153	   NaN	   NaN	 NaN	356.74	NaN
2019	154	   NaN	   NaN	 NaN	367.10	NaN
2019	155	   NaN	   NaN	 NaN	373.59	NaN
2019	156	   NaN	   NaN	 NaN	   NaN	NaN
2019	157	   NaN	   NaN	 NaN	329.20	NaN
2019	158	   NaN	   NaN	 NaN	346.75	NaN
2019	159	   NaN	   NaN	 NaN	338.54	NaN
2019	160	   NaN	   NaN	 NaN	387.48	NaN
2019	161	   NaN	   NaN	 NaN	361.59	NaN
2019	162	   NaN	   NaN	 NaN	334.16	NaN
2019	163	   NaN	   NaN	 NaN	315.99	NaN
2019	164	   NaN	   NaN	 NaN	329.31	NaN
2019	165	   NaN	   NaN	 NaN	353.80	NaN
2019	166	   NaN	   NaN	 NaN	319.00	NaN
2019	167	   NaN	   NaN	 NaN	333.47	NaN
2019	168	   NaN	   NaN	 NaN	329.55	NaN
2019	169	   NaN	   NaN	 NaN	336.24	NaN
2019	170	   NaN	   NaN	 NaN	326.45	NaN
2019	171	   NaN	   NaN	 NaN	336.62	NaN
2019	172	   NaN	   NaN	 NaN	353.32	NaN
2019	173	   NaN	   NaN	 NaN	345.15	NaN
2019	174	   NaN	   NaN	 NaN	333.92	NaN
2019	175	   NaN	   NaN	 NaN	329.68	NaN
2019	176	   NaN	   NaN	 NaN	316.55	NaN
2019	177	   NaN	   NaN	 NaN	335.89	NaN
2019	178	36.7951	333.81	0.942	325.16	9222
2019	179	36.8340	307.07	0.926	303.97	9222
2019	180	36.8793	309.66	0.702	301.26	9222
2019	181	36.9310	349.03	0.443	310.17	9222
2019	182	36.9891	368.29	0.731	360.36	9222
2019	183	37.0536	355.03	0.532	358.36	9222
2019	184	37.1243	340.08	0.213	366.32	9222
2019	185	37.2013	369.19	0.867	363.33	9222
2019	186	37.8203	   NaN	 NaN	349.95	9222
2019	187	37.3743	369.95	0.572	366.81	9222
2019	188	37.4703	350.26	0.802	   NaN	9222
2019	189	37.5724	353.39	0.966	352.38	9222
2019	190	37.6806	326.61	0.739	332.55	9222
2019	191	37.7951	334.35	0.956	332.81	9222
2019	192	37.9157	333.29	0.935	325.73	9222
2019	193	38.0424	331.32	0.827	328.38	9222
2019	194	38.1752	347.44	0.936	340.42	9222
2019	195	38.3141	364.27	0.926	357.70	9222
2019	196	38.4589	337.22	0.894	342.93	9222
2019	197	38.6097	340.28	0.949	344.08	9222
2019	198	38.7664	329.67	0.888	333.37	9222
2019	199	38.9290	327.73	0.391	332.54	9222
2019	200	39.0974	346.89	0.203	347.27	9222
2019	201	39.2717	329.89	0.714	332.63	9222
2019	202	39.4517	373.79	0.342	358.79	9222
2019	203	39.6375	327.78	0.693	315.83	9222
2019	204	39.8289	290.50	0.932	292.81	9222
2019	205	40.0260	298.76	0.850	299.07	9222
2019	206	40.2286	290.37	0.894	283.87	9222
2019	207	40.4368	297.12	0.895	286.46	9222
2019	208	40.6504	297.42	0.933	283.39	9222
2019	209	40.8694	282.92	0.872	277.73	9222
2019	210	41.0938	299.57	0.923	289.48	9222
2019	211	41.3235	293.12	0.267	292.17	9222
2019	212	41.5585	285.87	0.610	286.13	9222
2019	213	41.7986	291.96	0.943	293.75	9222
2019	214	42.0439	310.53	0.922	304.16	9222
2019	215	42.2943	307.33	0.851	304.38	9222
2019	216	42.5496	311.20	0.421	316.89	9222
2019	217	42.8099	318.00	0.279	316.43	9222
2019	218	43.0751	334.77	0.333	325.04	9222
2019	219	43.3451	340.21	0.736	336.92	9222
2019	220	43.6199	342.91	0.755	   NaN	9222
2019	221	43.8992	320.55	0.774	320.82	9222
2019	222	44.1832	328.41	0.126	338.87	9222
2019	223	44.4717	324.82	0.450	327.42	9222
2019	224	44.7646	328.31	0.939	325.08	9222
2019	225	45.0620	349.31	0.892	344.29	9222
2019	226	45.3637	347.36	0.779	344.87	9222
2019	227	45.6695	332.03	0.932	329.84	9222
2019	228	45.9795	319.67	0.528	326.71	9222
2019	229	46.2936	325.67	0.127	313.80	9222
2019	230	46.6117	340.32	0.691	338.01	9222
2019	231	46.9337	343.55	0.752	345.87	9222
2019	232	47.2594	346.73	0.876	345.11	9222
2019	233	47.5889	334.83	0.723	335.50	9222
2019	234	47.9221	318.89	0.176	318.44	9222
2019	235	48.2588	307.35	0.803	308.17	9222
2019	236	48.5990	296.10	0.816	291.06	9222
2019	237	48.9426	298.97	0.825	292.97	9222
2019	238	49.2895	295.27	0.879	284.81	9222
2019	239	49.6395	294.97	0.800	283.81	9222
2019	240	49.9927	313.15	0.461	279.79	9222
2019	241	50.3489	284.28	0.277	273.35	9222
2019	242	50.7080	286.28	0.576	273.68	9222
2019	243	51.0699	268.72	0.403	264.84	9222
2019	244	51.4345	286.15	0.604	278.19	9222
2019	245	51.8018	322.96	0.744	317.23	9222
2019	246	52.1716	308.22	0.252	299.38	9222
2019	247	52.5438	293.89	0.184	272.21	9222
2019	248	52.9183	332.24	0.990	320.94	9222
2019	249	53.2951	306.17	0.792	303.11	9222
2019	250	53.6740	324.50	0.212	309.68	9222
2019	251	54.0548	320.46	0.286	309.48	9222
2019	252	54.4376	294.88	0.270	   NaN	9222
2019	253	54.8223	307.17	0.371	297.25	9222
2019	254	55.2085	287.72	0.236	271.28	9222
2019	255	55.5964	279.06	0.905	272.20	9222
2019	256	55.9858	309.64	0.914	294.50	9222
2019	257	56.3765	281.60	0.340	272.79	9222
2019	258	56.7685	306.48	0.845	293.62	9222
2019	259	57.1616	330.20	0.863	314.43	9222
2019	260	57.5558	348.01	0.837	338.35	9222
2019	261	57.9509	342.68	0.738	333.00	9222
2019	262	58.3468	299.39	0.713	293.21	9222
2019	263	58.7434	276.12	0.900	272.82	9222
2019	264	59.1406	261.57	0.910	261.82	9222
2019	265	59.5383	275.20	0.906	272.34	9222
2019	266	59.9363	273.68	0.258	278.04	9222
2019	267	60.3345	269.60	0.237	278.52	9222
2019	268	60.7329	269.44	0.416	271.10	9222
2019	269	61.1313	278.07	0.319	280.03	9222
2019	270	61.5295	274.36	0.079	261.06	9222
2019	271	61.9276	275.63	0.416	276.95	9222
2019	272	62.3253	293.06	0.748	291.05	9222
2019	273	62.7225	312.69	0.715	308.36	9222
2019	274	63.1192	309.52	0.884	   NaN	9222
2019	275	63.5151	300.60	0.292	295.83	9222
2019	276	63.9102	309.38	0.507	303.56	9222
2019	277	64.3044	301.07	0.964	293.12	9222
2019	278	64.6975	309.58	0.857	305.18	9222
2019	279	65.0894	286.73	0.875	283.18	9222
2019	280	65.4801	275.03	0.892	272.40	9222
2019	281	65.8693	295.90	0.274	295.92	9222
2019	282	66.2570	314.21	0.217	316.52	9222
2019	283	66.6430	309.83	0.319	307.49	9222
2019	284	67.0273	305.27	0.185	   NaN	9222
2019	285	67.4097	301.19	0.735	302.08	9222
2019	286	67.7900	302.88	0.883	297.66	9222
2019	287	68.1682	330.55	0.780	326.58	9222
2019	288	68.5441	312.27	0.161	308.92	9222
2019	289	68.9178	285.34	0.189	283.06	9222
2019	290	69.2889	269.13	0.223	270.13	9222
2019	291	69.6574	286.34	0.341	286.07	9222
2019	292	70.0231	325.85	0.272	325.29	9222
2019	293	70.3861	337.14	0.217	329.70	9222
2019	294	70.7461	285.28	0.406	282.32	9222
2019	295	71.1031	224.64	0.345	218.36	9222
2019	296	71.4568	243.01	0.943	233.18	9222
2019	297	71.8073	226.37	0.177	224.41	9222
2019	298	72.1543	236.61	0.702	234.81	9222
2019	299	72.4978	246.40	0.413	241.45	9222
2019	300	72.8377	297.80	0.902	284.40	9222
2019	301	73.1739	265.00	0.770	261.23	9222
2019	302	73.5061	262.71	0.914	258.82	9222
2019	303	73.8345	279.38	0.896	271.28	9222
2019	304	74.1587	278.09	0.629	275.37	9222
2019	305	74.4788	282.82	0.430	279.39	9222
2019	306	74.7946	277.65	0.444	274.43	9222
2019	307	75.1060	315.00	0.748	308.39	9222
2019	308	75.4130	317.68	0.911	306.53	9222
2019	309	75.7153	299.21	0.775	282.07	9222
2019	310	76.0129	280.77	0.686	279.67	9222
2019	311	76.3058	291.70	0.349	289.94	9222
2019	312	76.5937	297.02	0.238	298.65	9222
2019	313	76.8767	302.20	0.488	301.38	9222
2019	314	77.1545	306.04	0.595	303.53	9222
2019	315	77.4272	296.46	0.509	288.63	9222
2019	316	77.6946	336.05	0.440	   NaN	9222
2019	317	77.9566	313.09	0.330	303.13	9222
2019	318	78.2132	286.91	0.523	277.15	9222
2019	319	78.4643	294.90	0.581	295.58	9222
2019	320	78.7097	343.46	0.247	322.08	9222
2019	321	78.9493	290.30	0.660	285.36	9222
2019	322	79.1832	292.34	0.220	274.43	9222
2019	323	79.4112	275.46	0.287	269.44	9222
2019	324	79.6333	244.36	0.336	236.12	9222
2019	325	79.8493	267.71	0.111	   NaN	9222
2019	326	80.0591	253.47	0.152	252.46	9222
2019	327	80.2629	244.54	0.127	260.58	9222
2019	328	80.4603	256.49	0.313	251.39	9222
2019	329	80.6514	248.61	0.154	265.85	9222
2019	330	80.8362	254.90	0.267	250.30	9222
2019	331	81.0144	240.97	0.792	224.83	9222
2019	332	81.1861	260.89	0.582	256.60	9222
2019	333	81.3513	266.27	0.978	253.40	9222
2019	334	81.5098	256.35	1.007	253.00	9222
2019	335	81.6616	253.28	0.617	231.34	9222
2019	336	81.8067	249.06	0.984	259.30	9222
2019	337	81.9449	219.02	0.428	   NaN	9222
2019	338	82.0763	223.56	0.901	   NaN	9222
2019	339	82.2008	262.99	0.824	261.61	9222
2019	340	82.3182	257.51	0.765	260.58	9222
2019	341	82.4288	294.64	0.826	291.02	9222
2019	342	82.5322	260.09	0.437	256.09	9222
2019	343	82.6287	291.45	0.604	286.31	9222
2019	344	82.7179	293.82	0.880	268.49	9222
2019	345	82.8001	300.55	0.954	280.40	9222
2019	346	82.8751	313.03	0.748	309.95	9222
2019	347	82.9428	289.73	0.564	311.14	9222
2019	348	83.0034	305.29	0.414	320.29	9222
2019	349	83.0566	315.22	0.395	322.39	9222
2019	350	83.1027	375.16	0.677	355.81	9222
2019	351	83.1413	404.02	0.419	376.65	9222
2019	352	83.1727	416.22	0.903	386.35	9222
2019	353	83.1968	475.48	0.317	338.02	9222
2019	354	83.2135	330.80	0.323	342.80	9222
2019	355	83.2229	320.57	0.358	347.36	9222
2019	356	83.2249	329.42	0.490	350.87	9222
2019	357	83.2196	331.13	0.326	325.05	9222
2019	358	83.2069	333.37	0.547	327.22	9222
2019	359	83.1869	354.58	0.789	   NaN	9222
2019	360	83.1596	377.42	0.892	325.08	9222
2019	361	83.1249	335.10	0.731	308.51	9222
2019	362	83.0828	330.70	0.437	270.60	9222
2019	363	83.0335	281.09	0.294	262.84	9222
2019	364	82.9768	263.71	0.824	261.68	9222
2019	365	82.9129	303.11	0.831	302.00	9222
2020	1	82.8417	269.75	0.454	267.97	9222
2020	2	82.7633	284.15	0.889	281.82	9222
2020	3	82.6776	304.62	0.870	305.08	9222
2020	4	82.5848	310.34	0.894	315.63	9222
2020	5	82.4847	312.85	0.211	246.27	9222
2020	6	82.3776	299.79	0.776	276.82	9222
2020	7	82.2634	287.33	0.592	275.54	9222
2020	8	82.1421	321.43	0.903	308.65	9222
2020	9	82.0139	326.01	0.572	332.32	9222
2020	10	81.8786	344.72	0.893	356.91	9222
2020	11	81.7365	292.86	0.176	298.17	9222
2020	12	81.5874	320.78	0.910	309.43	9222
2020	13	81.4315	385.53	0.863	401.48	9222
2020	14	81.2690	355.45	0.497	372.73	9222
2020	15	81.0996	342.53	0.801	332.57	9222
2020	16	80.9235	379.79	0.923	408.91	9222
2020	17	80.7410	331.03	0.139	363.28	9222
2020	18	80.5518	357.06	0.283	412.73	9222
2020	19	80.3562	354.35	0.918	361.60	9222
2020	20	80.1542	347.48	0.696	300.50	9222
2020	21	79.9458	378.64	0.813	408.18	9222
2020	22	79.7311	305.46	0.917	298.22	9222
2020	23	79.5103	268.99	0.603	255.23	9222
2020	24	79.2834	276.24	0.861	265.76	9222
2020	25	79.0504	212.68	0.222	   NaN	9222
2020	26	78.8114	211.37	0.598	   NaN	9222
2020	27	78.5666	266.09	0.192	263.25	9222
2020	28	78.3159	288.95	0.223	286.69	9222
2020	29	78.0596	287.92	0.537	280.02	9222
2020	30	77.7976	295.45	0.428	306.14	9222
2020	31	77.5301	287.33	0.361	289.81	9222
2020	32	77.2571	305.51	0.916	299.25	9222
2020	33	76.9788	340.65	0.888	347.93	9222
2020	34	76.6952	355.57	0.836	368.42	9222
2020	35	76.4064	390.39	0.657	396.13	9222
2020	36	76.1125	339.04	0.836	344.36	9222
2020	37	75.8137	313.44	0.965	308.94	9222
2020	38	75.5101	297.96	0.489	298.31	9222
2020	39	75.2016	272.63	0.141	272.59	9222
2020	40	74.8885	271.56	0.394	249.65	9222
2020	41	74.5709	334.61	0.277	333.92	9222
2020	42	74.2488	345.43	0.924	340.91	9222
2020	43	73.9223	316.14	0.937	311.75	9222
2020	44	73.5916	301.09	0.934	293.54	9222
2020	45	73.2568	300.70	0.878	301.96	9222
2020	46	72.9179	347.30	0.781	358.56	9222
2020	47	72.5751	368.36	0.163	342.72	9222
2020	48	72.2286	404.45	0.961	408.66	9222
2020	49	71.8783	386.31	0.528	399.22	9222
2020	50	71.5245	412.93	0.941	429.13	9222
2020	51	71.1673	334.78	0.293	325.06	9222
2020	52	70.8067	346.35	0.337	345.92	9222
2020	53	70.4430	408.14	0.822	404.84	9222
2020	54	70.0761	385.66	0.848	408.90	9222
2020	55	69.7063	328.25	0.919	341.48	9222
2020	56	69.3336	356.87	0.709	361.87	9222
2020	57	68.9582	381.26	0.920	381.66	9222
2020	58	68.5802	336.11	0.544	327.69	9222
2020	59	68.1997	372.48	0.515	375.48	9222
2020	60	67.8168	367.57	0.292	366.63	9222
2020	61	67.4317	416.93	0.478	404.58	9222
2020	62	67.0445	454.54	0.926	452.28	9222
2020	63	66.6553	432.99	0.280	452.10	9222
2020	64	66.2642	393.02	0.591	406.15	9222
2020	65	65.8714	418.20	0.958	426.90	9222
2020	66	65.4770	465.83	0.671	488.78	9222
2020	67	65.0811	432.24	0.629	454.37	9222
2020	68	64.6838	399.86	0.232	390.67	9222
2020	69	64.2852	440.55	0.984	432.75	9222
2020	70	63.8856	405.20	0.443	406.03	9222
2020	71	63.4850	372.48	0.948	373.36	9222
2020	72	63.0835	486.82	0.735	473.14	9222
2020	73	62.6812	455.91	0.927	469.35	9222
2020	74	62.2784	411.68	0.930	429.65	9222
2020	75	61.8750	438.66	0.101	412.53	9222
2020	76	61.4713	378.52	0.940	388.45	9222
2020	77	61.0673	350.83	0.916	362.44	9222
2020	78	60.6633	410.24	0.920	415.85	9222
2020	79	60.2592	410.58	0.934	418.43	9222
2020	80	59.8553	397.40	0.926	403.57	9222
2020	81	59.4516	386.42	0.855	405.60	9222
2020	82	59.0483	427.29	0.647	433.74	9222
2020	83	58.6455	371.69	0.703	388.40	9222
2020	84	58.2433	366.65	0.870	354.66	9222
2020	85	57.8419	340.15	0.783	356.25	9222
2020	86	57.4413	348.81	0.531	358.25	9222
2020	87	57.0417	382.50	0.513	388.26	9222
2020	88	56.6432	395.70	0.948	396.59	9222
2020	89	56.2459	379.15	0.869	377.67	9222
2020	90	55.8499	330.19	0.853	334.38	9222
2020	91	55.4555	322.58	0.977	316.48	9222
2020	92	55.0625	309.77	0.441	307.62	9222
2020	93	54.6712	406.60	0.349	396.67	9222
2020	94	54.2818	343.35	0.506	340.06	9222
2020	95	53.8942	301.06	0.797	305.41	9222
2020	96	53.5087	263.02	0.521	262.41	9222
2020	97	53.1260	   NaN	 NaN	262.50	9222
2020	98	52.7441	335.10	0.944	337.04	9222
2020	99	52.3653	349.20	0.343	344.72	9222
2020	100	51.9889	328.97	0.614	328.15	9222
2020	101	51.6151	299.46	0.945	295.52	9222
2020	102	51.2440	286.70	0.158	283.94	9222
2020	103	50.8756	288.79	0.820	292.61	9222
2020	104	50.5102	322.86	0.784	317.23	9222
2020	105	50.1477	303.57	0.477	300.41	9222
2020	106	49.7882	309.24	0.955	312.53	9222
2020	107	49.4320	327.09	0.591	335.85	9222
2020	108	49.0791	294.93	0.944	299.39	9222
2020	109	48.7295	321.07	0.944	319.57	9222
2020	110	48.3834	302.25	0.945	310.11	9222
2020	111	48.0408	304.72	0.937	306.42	9222
2020	112	47.7020	297.31	0.915	303.58	9222
2020	113	47.3669	302.31	0.942	308.16	9222
2020	114	47.0355	335.72	0.935	335.92	9222
2020	115	46.7081	395.07	0.644	390.97	9222
2020	116	46.3848	352.37	0.612	363.68	9222
2020	117	46.0656	355.06	0.814	361.67	9222
2020	118	45.7506	357.10	0.144	379.30	9222
2020	119	45.4398	361.89	0.641	370.22	9222
2020	120	45.1333	347.03	0.389	357.10	9222
2020	121	44.8313	345.49	0.471	352.82	9222
2020	122	44.5338	376.67	0.227	396.87	9222
2020	123	44.2409	386.28	0.727	396.92	9222
2020	124	43.9527	373.21	0.649	373.34	9222
2020	125	43.6693	395.84	0.605	402.60	9222
2020	126	43.3906	353.63	0.929	363.75	9222
2020	127	43.1168	357.58	0.932	365.88	9222
2020	128	42.8479	344.46	0.649	353.91	9222
2020	129	42.5841	355.15	0.707	352.37	9222
2020	130	42.3253	363.25	0.886	361.65	9222
2020	131	42.0717	369.39	0.358	381.81	9222
2020	132	41.8234	409.42	0.902	422.13	9222
2020	133	41.5803	416.03	0.553	414.18	9222
2020	134	41.3425	390.80	0.624	401.87	9222
2020	135	41.1101	387.07	0.770	395.84	9222
2020	136	40.8832	356.81	0.301	373.29	9222
2020	137	40.6618	359.31	0.396	365.22	9222
2020	138	40.4460	372.96	0.507	381.52	9222
2020	139	40.2358	350.22	0.432	366.04	9222
2020	140	40.0313	353.10	0.899	377.10	9222
2020	141	39.8324	363.03	0.944	373.80	9222
2020	142	39.6394	342.71	0.655	356.13	9222
2020	143	39.4521	333.74	0.622	342.83	9222
2020	144	39.2707	369.99	0.543	378.46	9222
2020	145	39.0952	352.74	0.255	380.76	9222
2020	146	38.9256	337.55	0.905	345.71	9222
2020	147	38.7619	318.96	0.781	321.37	9222
2020	148	38.6043	366.66	0.915	372.15	9222
2020	149	38.4527	340.10	0.795	346.34	9222
2020	150	38.3073	344.65	0.946	349.97	9222
2020	151	38.1679	335.71	0.942	343.28	9222
2020	152	38.0348	326.35	0.936	332.44	9222
2020	153	37.9078	325.25	0.914	333.10	9222
2020	154	37.7869	320.33	0.885	324.23	9222
2020	155	37.6723	321.00	0.937	331.86	9222
2020	156	37.5640	336.84	0.617	345.58	9222
2020	157	37.4619	351.54	0.299	339.78	9222
2020	158	37.3662	354.48	0.149	366.38	9222
2020	159	37.2768	370.16	0.351	376.96	9222
2020	160	37.1937	355.74	0.478	364.05	9222
2020	161	37.1169	340.14	0.680	351.50	9222
2020	162	37.0466	327.48	0.874	327.74	9222
2020	163	36.9827	316.08	0.938	316.42	9222
2020	164	36.9252	305.87	0.936	307.81	9222
2020	165	36.8740	305.01	0.942	299.49	9222
2020	166	36.8293	297.96	0.936	299.33	9222
2020	167	36.7910	301.02	0.927	305.52	9222
2020	168	36.7592	308.40	0.880	308.14	9222
2020	169	36.7338	316.88	0.863	318.82	9222
2020	170	36.7148	301.47	0.944	301.08	9222
2020	171	36.7022	299.17	0.700	303.05	9222
2020	172	36.6962	304.60	0.648	303.73	9222
2020	173	36.6966	311.65	0.261	311.65	9222
2020	174	36.7034	327.76	0.389	319.16	9222
2020	175	36.7166	303.90	0.917	305.02	9222
2020	176	36.7363	302.22	0.949	309.55	9222
2020	177	36.7625	301.27	0.946	308.08	9222
2020	178	36.7951	310.87	0.949	306.73	9222
2020	179	36.8340	308.82	0.901	302.94	9222
2020	180	36.8793	332.63	0.104	294.26	9222
2020	181	36.9310	327.43	0.575	328.76	9222
2020	182	36.9891	339.64	0.447	337.48	9222
2020	183	37.0536	325.73	0.978	332.22	9222
2020	184	37.1243	345.55	0.551	346.70	9222
2020	185	37.2013	337.63	0.629	345.79	9222
2020	186	37.2847	350.10	0.965	354.73	9222
2020	187	37.3743	362.44	0.135	365.27	9222
2020	188	37.4703	347.01	0.427	358.52	9222
2020	189	37.5724	375.31	0.815	373.04	9222
2020	190	37.6806	349.65	0.465	361.94	9222
2020	191	37.7951	350.69	0.686	361.58	9222
2020	192	37.9157	351.86	0.359	366.12	9222
2020	193	38.0424	355.13	0.803	361.66	9222
2020	194	38.1752	342.70	0.766	351.98	9222
2020	195	38.3141	319.86	0.666	330.53	9222
2020	196	38.4589	323.35	0.143	347.32	9222
2020	197	38.6097	344.72	0.952	346.54	9222
2020	198	38.7664	333.46	0.699	334.92	9222
2020	199	38.9290	289.78	0.826	294.32	9222
2020	200	39.0974	294.98	0.482	299.20	9222
2020	201	39.2717	302.22	0.326	313.88	9222
2020	202	39.4517	324.77	0.754	323.13	9222
2020	203	39.6375	331.22	0.520	340.41	9222
2020	204	39.8289	334.23	0.815	336.03	9222
2020	205	40.0260	320.16	0.980	325.54	9222
2020	206	40.2286	317.16	0.703	328.47	9222
2020	207	40.4368	319.21	0.942	321.21	9222
2020	208	40.6504	302.90	0.116	321.21	9222
2020	209	40.8694	318.22	0.963	325.63	9222
2020	210	41.0938	328.38	0.135	331.67	9222
2020	211	41.3235	326.25	0.182	340.41	9222
2020	212	41.5585	324.15	0.815	330.68	9222
2020	213	41.7986	298.40	0.970	302.55	9222
2020	214	42.0439	283.22	0.552	286.31	9222
2020	215	42.2943	290.19	0.124	321.05	9222
2020	216	42.5496	316.59	0.615	328.48	9222
2020	217	42.8099	317.55	0.864	326.97	9222
2020	218	43.0751	309.43	0.252	326.32	9222
2020	219	43.3451	291.95	0.284	309.04	9222
2020	220	43.6199	289.03	0.654	294.99	9222
2020	221	43.8992	306.65	0.569	292.13	9222
2020	222	44.1832	294.38	0.908	295.63	9222
2020	223	44.4717	290.63	0.459	290.68	9222
2020	224	44.7646	281.87	0.754	280.41	9222
2020	225	45.0620	276.43	0.792	275.13	9222
2020	226	45.3637	280.44	0.756	273.50	9222
2020	227	45.6695	281.89	0.861	280.00	9222
2020	228	45.9795	280.14	0.938	275.89	9222
2020	229	46.2936	270.26	0.497	277.28	9222
2020	230	46.6117	290.77	0.928	289.94	9222
2020	231	46.9337	295.03	0.684	294.06	9222
2020	232	47.2594	297.34	0.565	290.60	9222
2020	233	47.5889	297.58	0.715	292.78	9222
2020	234	47.9221	323.70	0.188	281.89	9222
2020	235	48.2588	310.81	0.691	313.04	9222
2020	236	48.5990	301.85	0.941	306.16	9222
2020	237	48.9426	304.33	0.945	306.59	9222
2020	238	49.2895	322.31	0.970	319.40	9222
2020	239	49.6395	306.99	0.494	310.12	9222
2020	240	49.9927	311.34	0.699	   NaN	9222
2020	241	50.3489	314.62	0.790	316.98	9222
2020	242	50.7080	319.13	0.930	323.42	9222
2020	243	51.0699	339.01	0.929	337.38	9222
2020	244	51.4345	312.03	0.946	313.94	9222
2020	245	51.8018	288.69	0.942	294.18	9222
2020	246	52.1716	298.08	0.904	299.99	9222
2020	247	52.5438	291.24	0.575	295.56	9222
2020	248	52.9183	307.80	0.934	310.34	9222
2020	249	53.2951	319.26	0.906	320.55	9222
2020	250	53.6740	327.38	0.997	321.10	9222
2020	251	54.0548	283.18	0.920	283.21	9222
2020	252	54.4376	261.71	0.626	269.82	9222
2020	253	54.8223	291.96	0.540	289.46	9222
2020	254	55.2085	287.49	0.888	294.37	9222
2020	255	55.5964	276.63	0.756	277.63	9222
2020	256	55.9858	304.18	0.773	303.58	9222
2020	257	56.3765	274.22	0.501	276.12	9222
2020	258	56.7685	264.15	0.708	269.66	9222
2020	259	57.1616	265.48	0.731	263.80	9222
2020	260	57.5558	294.70	0.937	293.68	9222
2020	261	57.9509	250.55	0.686	257.72	9222
2020	262	58.3468	254.42	0.871	258.16	9222
2020	263	58.7434	265.98	0.910	273.06	9222
2020	264	59.1406	267.18	0.705	267.63	9222
2020	265	59.5383	250.16	0.683	247.63	9222
2020	266	59.9363	257.20	0.779	254.49	9222
2020	267	60.3345	289.76	0.243	285.32	9222
2020	268	60.7329	318.93	0.408	296.48	9222
2020	269	61.1313	295.49	0.674	294.89	9222
2020	270	61.5295	301.43	0.270	302.36	9222
2020	271	61.9276	288.63	0.275	282.08	9222
2020	272	62.3253	280.96	0.367	283.13	9222
2020	273	62.7225	281.90	0.219	281.66	9222
2020	274	63.1192	274.86	0.518	279.88	9222
2020	275	63.5151	273.54	0.239	281.75	9222
2020	276	63.9102	263.80	0.126	283.33	9222
2020	277	64.3044	286.59	0.079	289.30	9222
2020	278	64.6975	281.04	0.066	268.60	9222
2020	279	65.0894	285.99	0.810	279.47	9222
2020	280	65.4801	286.71	0.178	281.01	9222
2020	281	65.8693	288.17	0.428	290.49	9222
2020	282	66.2570	304.07	0.383	313.11	9222
2020	283	66.6430	312.11	0.955	315.40	9222
2020	284	67.0273	334.68	0.150	339.29	9222
2020	285	67.4097	323.83	0.550	335.76	9222
2020	286	67.7900	298.58	0.940	292.96	9222
2020	287	68.1682	297.36	0.890	292.95	9222
2020	288	68.5441	276.21	0.887	276.92	9222
2020	289	68.9178	270.43	0.864	274.64	9222
2020	290	69.2889	262.63	0.824	269.74	9222
2020	291	69.6574	271.53	0.646	266.45	9222
2020	292	70.0231	274.53	0.733	272.94	9222
2020	293	70.3861	258.82	0.646	256.02	9222
2020	294	70.7461	287.15	0.235	273.58	9222
2020	295	71.1031	281.00	0.321	282.77	9222
2020	296	71.4568	284.30	0.283	287.12	9222
2020	297	71.8073	276.69	0.728	284.60	9222
2020	298	72.1543	290.42	0.454	298.19	9222
2020	299	72.4978	285.76	0.186	289.34	9222
2020	300	72.8377	298.67	0.701	292.34	9222
2020	301	73.1739	291.19	0.353	289.95	9222
2020	302	73.5061	281.03	0.977	270.78	9222
2020	303	73.8345	292.92	0.950	290.02	9222
2020	304	74.1587	315.28	0.410	309.90	9222
2020	305	74.4788	275.14	0.404	282.43	9222
2020	306	74.7946	307.54	0.384	302.97	9222
2020	307	75.1060	281.74	0.439	291.29	9222
2020	308	75.4130	328.41	0.921	324.19	9222
2020	309	87.9340	   NaN	 NaN	341.27	9222
2020	310	76.0129	254.84	0.786	252.21	9222
2020	311	76.3058	236.90	0.877	227.09	9222
2020	312	76.5937	255.54	0.967	251.79	9222
2020	313	76.8767	293.28	0.408	298.43	9222
2020	314	77.1545	289.22	0.471	287.97	9222
2020	315	77.4272	275.37	0.202	282.78	9222
2020	316	77.6946	273.53	0.199	278.32	9222
2020	317	77.9566	276.95	0.675	270.07	9222
2020	318	78.2132	276.49	0.207	274.54	9222
2020	319	78.4643	275.29	0.860	265.58	9222
2020	320	78.7097	288.75	0.237	278.32	9222
2020	321	78.9493	286.02	0.353	270.97	9222
2020	322	79.1832	275.90	0.186	256.48	9222
2020	323	79.4112	265.40	0.400	250.54	9222
2020	324	79.6333	317.14	0.941	316.84	9222
2020	325	79.8493	297.85	0.935	289.05	9222
2020	326	80.0591	275.12	0.661	264.52	9222
2020	327	80.2629	330.08	0.563	326.18	9222
2020	328	80.4603	333.90	0.924	338.53	9222
2020	329	80.6514	290.42	0.586	278.31	9222
2020	330	80.8362	295.27	0.478	   NaN	9222
2020	331	81.0144	299.14	0.929	300.13	9222
2020	332	81.1861	295.40	0.838	284.25	9222
2020	333	81.3513	309.20	0.726	292.26	9222
2020	334	81.5098	290.32	0.274	283.32	9222
2020	335	81.6616	341.23	0.269	328.89	9222
2020	336	81.8067	310.83	0.914	308.93	9222
2020	337	81.9449	270.97	0.246	   NaN	9222
2020	338	82.0763	310.69	0.063	292.41	9222
2020	339	82.2008	294.70	0.194	303.06	9222
2020	340	82.3182	283.83	0.130	305.85	9222
2020	341	82.4288	260.07	0.117	321.41	9222
2020	342	82.5322	265.42	0.128	270.87	9222
2020	343	82.6287	240.59	0.115	254.79	9222
2020	344	82.7179	253.75	0.132	272.02	9222
2020	345	82.8001	264.16	0.098	279.37	9222
2020	346	82.8751	271.51	0.086	284.77	9222
2020	347	82.9428	262.02	0.142	276.32	9222
2020	348	83.0034	272.11	0.162	282.61	9222
2020	349	83.0566	250.93	0.197	256.79	9222
2020	350	83.1027	260.22	0.231	259.37	9222
2020	351	83.1413	290.43	0.425	283.88	9222
2020	352	83.1727	303.08	0.268	289.93	9222
2020	353	83.1968	265.89	0.381	258.61	9222
2020	354	83.2135	242.64	0.155	254.35	9222
2020	355	83.2229	267.15	0.192	295.82	9222
2020	356	83.2249	293.44	0.421	293.86	9222
2020	357	83.2196	264.12	0.325	282.55	9222
2020	358	83.2069	291.81	0.854	293.50	9222
2020	359	83.1869	299.88	0.889	305.03	9222
2020	360	83.1596	269.91	0.904	278.47	9222
2020	361	83.1249	317.51	0.374	294.61	9222
2020	362	83.0828	274.95	0.345	289.56	9222
2020	363	83.0335	284.54	0.261	295.37	9222
2020	364	82.9768	299.14	0.162	278.38	9222
2020	365	82.9129	316.34	0.513	312.88	9222
2020	366	82.8417	323.69	0.784	319.05	9222
2021	1	82.8417	345.54	0.543	361.86	9222
2021	2	82.7633	318.72	0.626	329.47	9222
2021	3	82.6776	299.27	1.013	304.37	9222
2021	4	82.5848	307.93	1.007	313.94	9222
2021	5	82.4847	294.57	0.965	   NaN	9222
2021	6	82.3776	285.19	0.867	   NaN	9222
2021	7	82.2634	280.33	0.409	260.13	9222
2021	8	82.1421	306.51	0.645	307.89	9222
2021	9	82.0139	301.91	1.074	313.40	9222
2021	10	81.8786	332.40	1.066	335.35	9222
2021	11	81.7365	320.17	0.589	328.91	9222
2021	12	81.5874	358.94	0.833	350.21	9222
2021	13	81.4315	336.42	0.809	356.83	9222
2021	14	81.2690	307.38	0.652	311.79	9222
2021	15	81.0996	318.87	1.058	332.12	9222
2021	16	80.9235	321.56	1.040	321.46	9222
2021	17	80.7410	332.80	0.818	329.84	9222
2021	18	80.5518	310.72	0.437	323.29	9222
2021	19	80.3562	317.29	0.602	312.77	9222
2021	20	80.1542	301.96	0.352	309.14	9222
2021	21	79.9458	335.57	0.292	318.72	9222
2021	22	79.7311	343.98	0.498	352.85	9222
2021	23	79.5103	343.36	1.047	347.10	9222
2021	24	79.2834	365.42	0.402	380.92	9222
2021	25	79.0504	355.32	0.746	375.29	9222
2021	26	78.8114	359.20	1.047	383.40	9222
2021	27	78.5666	403.47	1.000	434.92	9222
2021	28	78.3159	433.78	1.071	466.50	9222
2021	29	78.0596	368.83	0.760	391.36	9222
2021	30	77.7976	382.36	1.086	401.70	9222
2021	31	77.5301	413.01	1.082	459.27	9222
2021	32	77.2571	425.51	1.005	401.96	9222
2021	33	76.9788	391.15	0.797	396.35	9222
2021	34	76.6952	372.52	1.097	385.23	9222
2021	35	76.4064	346.71	1.071	354.59	9222
2021	36	76.1125	350.25	1.052	358.38	9222
2021	37	75.8137	363.49	1.083	363.12	9222
2021	38	75.5101	348.89	0.855	351.73	9222
2021	39	75.2016	336.30	1.126	335.42	9222
2021	40	74.8885	365.43	1.040	370.74	9222
2021	41	74.5709	403.53	1.038	420.52	9222
2021	42	74.2488	400.73	1.062	424.69	9222
2021	43	73.9223	406.00	1.020	425.96	9222
2021	44	73.5916	370.42	1.053	378.73	9222
2021	45	73.2568	357.07	1.059	367.19	9222
2021	46	72.9179	376.14	0.469	369.87	9222
2021	47	72.5751	379.60	0.437	377.22	9222
2021	48	72.2286	425.27	0.753	431.18	9222
2021	49	71.8783	421.74	0.547	427.46	9222
2021	50	71.5245	394.93	0.607	402.93	9222
2021	51	71.1673	327.75	0.210	318.37	9222
2021	52	70.8067	300.30	0.241	305.35	9222
2021	53	70.4430	327.37	0.360	329.23	9222
2021	54	70.0761	347.87	0.741	355.95	9222
2021	55	69.7063	323.00	0.371	334.00	9222
2021	56	69.3336	309.84	0.393	311.54	9222
2021	57	68.9582	389.22	0.989	401.09	9222
2021	58	68.5802	319.55	0.478	321.01	9222
2021	59	68.1997	340.68	0.981	348.55	9222
2021	60	67.8168	295.68	0.369	290.23	9222
2021	61	67.4317	300.84	0.923	311.29	9222
2021	62	67.0445	326.20	0.759	330.51	9222
2021	63	66.6553	382.58	0.953	382.34	9222
2021	64	66.2642	367.10	0.948	390.78	9222
2021	65	65.8714	369.53	0.333	363.58	9222
2021	66	65.4770	377.45	0.908	385.98	9222
2021	67	65.0811	378.52	0.926	   NaN	9222
2021	68	64.6838	360.88	0.898	375.45	9222
2021	69	64.2852	337.91	0.308	330.80	9222
2021	70	63.8856	378.49	0.415	367.56	9222
2021	71	63.4850	384.05	1.083	390.16	9222
2021	72	63.0835	398.30	0.872	416.08	9222
2021	73	62.6812	405.06	1.056	418.51	9222
2021	74	62.2784	406.65	1.060	418.08	9222
2021	75	61.8750	403.64	0.858	414.48	9222
2021	76	61.4713	373.72	0.938	376.55	9222
2021	77	61.0673	362.69	0.552	369.99	9222
2021	78	60.6633	326.15	0.827	339.38	9222
2021	79	60.2592	278.56	0.939	281.36	9222
2021	80	59.8553	348.25	0.869	352.22	9222
2021	81	59.4516	335.65	0.869	342.44	9222
2021	82	59.0483	323.90	0.966	329.41	9222
2021	83	58.6455	351.52	0.784	365.82	9222
2021	84	58.2433	375.25	0.782	388.34	9222
2021	85	57.8419	345.67	0.193	364.75	9222
2021	86	57.4413	347.17	0.077	377.94	9222
2021	87	57.0417	374.85	0.967	387.02	9222
2021	88	56.6432	338.89	0.347	354.44	9222
2021	89	56.2459	340.26	1.017	353.77	9222
2021	90	55.8499	364.83	0.623	371.61	9222
2021	91	55.4555	357.30	0.948	362.97	9222
2021	92	55.0625	400.38	0.652	408.45	9222
2021	93	54.6712	354.85	0.984	362.21	9222
2021	94	54.2818	367.16	0.465	372.35	9222
2021	95	53.8942	443.38	0.641	449.07	9222
2021	96	53.5087	460.81	0.345	473.18	9222
2021	97	53.1253	435.23	0.701	449.62	9222
2021	98	52.7441	368.92	0.919	373.52	9222
2021	99	52.3653	429.23	0.803	436.47	9222
2021	100	51.9889	437.60	1.013	439.47	9222
2021	101	51.6151	411.79	0.682	423.82	9222
2021	102	51.2440	434.29	0.615	437.86	9222
2021	103	50.8756	455.03	0.931	439.82	9222
2021	104	50.5102	348.80	0.966	360.23	9222
2021	105	50.1477	354.05	0.991	359.61	9222
2021	106	49.7882	354.74	0.910	359.85	9222
2021	107	49.4320	350.16	0.886	357.65	9222
2021	108	49.0791	352.54	0.923	357.50	9222
2021	109	48.7295	339.35	0.923	350.45	9222
2021	110	48.3834	310.32	0.899	323.42	9222
2021	111	48.0408	385.16	0.437	386.37	9222
2021	112	47.7020	375.60	0.937	380.28	9222
2021	113	47.3669	369.03	0.770	380.15	9222
2021	114	47.0355	438.86	0.918	436.50	9222
2021	115	46.7081	409.64	0.567	422.60	9222
2021	116	46.3848	396.46	0.946	395.43	9222
2021	117	46.0656	399.43	0.973	406.06	9222
2021	118	45.7506	368.06	0.841	384.91	9222
2021	119	45.4398	424.24	0.621	434.46	9222
2021	120	45.1333	371.11	0.914	383.02	9222
2021	121	44.8313	351.90	0.669	370.55	9222
2021	122	44.5338	395.56	0.872	400.70	9222
2021	123	44.2409	395.96	0.333	404.72	9222
2021	124	43.9527	364.11	0.544	369.81	9222
2021	125	43.6693	434.37	0.226	447.05	9222
2021	126	43.3906	397.22	0.662	410.05	9222
2021	127	43.1168	409.50	0.573	420.93	9222
2021	128	42.8479	430.19	0.937	428.34	9222
2021	129	42.5841	351.01	0.115	349.44	9222
2021	130	42.3253	323.42	0.102	316.26	9222
2021	131	42.0717	336.91	0.355	325.79	9222
2021	132	41.8234	330.72	0.240	334.27	9222
2021	133	41.5803	325.26	0.814	337.13	9222
2021	134	41.3425	344.25	0.394	   NaN	9222
2021	135	41.1101	346.31	0.142	   NaN	9222
2021	136	   NaN	   NaN	 NaN	   NaN	NaN
2021	137	   NaN	   NaN	 NaN	   NaN	NaN
2021	138	   NaN	   NaN	 NaN	   NaN	NaN
2021	139	   NaN	   NaN	 NaN	   NaN	NaN
2021	140	   NaN	   NaN	 NaN	   NaN	NaN
2021	141	   NaN	   NaN	 NaN	   NaN	NaN
2021	142	   NaN	   NaN	 NaN	   NaN	NaN
2021	143	   NaN	   NaN	 NaN	   NaN	NaN
2021	144	   NaN	   NaN	 NaN	   NaN	NaN
2021	145	   NaN	   NaN	 NaN	   NaN	NaN
2021	146	   NaN	   NaN	 NaN	   NaN	NaN
2021	147	   NaN	   NaN	 NaN	   NaN	NaN
2021	148	   NaN	   NaN	 NaN	   NaN	NaN
2021	149	   NaN	   NaN	 NaN	   NaN	NaN
2021	150	   NaN	   NaN	 NaN	   NaN	NaN
2021	151	   NaN	   NaN	 NaN	   NaN	NaN
2021	152	   NaN	   NaN	 NaN	   NaN	NaN
2021	153	   NaN	   NaN	 NaN	   NaN	NaN
2021	154	   NaN	   NaN	 NaN	   NaN	NaN
2021	155	   NaN	   NaN	 NaN	   NaN	NaN
2021	156	   NaN	   NaN	 NaN	   NaN	NaN
2021	157	   NaN	   NaN	 NaN	   NaN	NaN
2021	158	   NaN	   NaN	 NaN	   NaN	NaN
2021	159	   NaN	   NaN	 NaN	   NaN	NaN
2021	160	   NaN	   NaN	 NaN	   NaN	NaN
2021	161	   NaN	   NaN	 NaN	   NaN	NaN
2021	162	   NaN	   NaN	 NaN	   NaN	NaN
2021	163	   NaN	   NaN	 NaN	   NaN	NaN
2021	164	   NaN	   NaN	 NaN	   NaN	NaN
2021	165	   NaN	   NaN	 NaN	   NaN	NaN
2021	166	   NaN	   NaN	 NaN	   NaN	NaN
2021	167	   NaN	   NaN	 NaN	   NaN	NaN
2021	168	   NaN	   NaN	 NaN	   NaN	NaN
2021	169	   NaN	   NaN	 NaN	   NaN	NaN
2021	170	   NaN	   NaN	 NaN	   NaN	NaN
2021	171	   NaN	   NaN	 NaN	   NaN	NaN
2021	172	   NaN	   NaN	 NaN	   NaN	NaN
2021	173	   NaN	   NaN	 NaN	   NaN	NaN
2021	174	   NaN	   NaN	 NaN	   NaN	NaN
2021	175	   NaN	   NaN	 NaN	   NaN	NaN
2021	176	   NaN	   NaN	 NaN	   NaN	NaN
2021	177	   NaN	   NaN	 NaN	   NaN	NaN
2021	178	   NaN	   NaN	 NaN	   NaN	NaN
2021	179	   NaN	   NaN	 NaN	   NaN	NaN
2021	180	   NaN	   NaN	 NaN	   NaN	NaN
2021	181	   NaN	   NaN	 NaN	   NaN	NaN
2021	182	   NaN	   NaN	 NaN	   NaN	NaN
2021	183	   NaN	   NaN	 NaN	   NaN	NaN
2021	184	   NaN	   NaN	 NaN	   NaN	NaN
2021	185	   NaN	   NaN	 NaN	   NaN	NaN
2021	186	   NaN	   NaN	 NaN	   NaN	NaN
2021	187	   NaN	   NaN	 NaN	   NaN	NaN
2021	188	   NaN	   NaN	 NaN	   NaN	NaN
2021	189	   NaN	   NaN	 NaN	   NaN	NaN
2021	190	   NaN	   NaN	 NaN	   NaN	NaN
2021	191	   NaN	   NaN	 NaN	   NaN	NaN
2021	192	   NaN	   NaN	 NaN	   NaN	NaN
2021	193	   NaN	   NaN	 NaN	   NaN	NaN
2021	194	   NaN	   NaN	 NaN	   NaN	NaN
2021	195	   NaN	   NaN	 NaN	   NaN	NaN
2021	196	   NaN	   NaN	 NaN	   NaN	NaN
2021	197	   NaN	   NaN	 NaN	   NaN	NaN
2021	198	   NaN	   NaN	 NaN	   NaN	NaN
2021	199	   NaN	   NaN	 NaN	   NaN	NaN
2021	200	   NaN	   NaN	 NaN	   NaN	NaN
2021	201	   NaN	   NaN	 NaN	   NaN	NaN
2021	202	   NaN	   NaN	 NaN	   NaN	NaN
2021	203	   NaN	   NaN	 NaN	   NaN	NaN
2021	204	   NaN	   NaN	 NaN	   NaN	NaN
2021	205	   NaN	   NaN	 NaN	   NaN	NaN
2021	206	   NaN	   NaN	 NaN	   NaN	NaN
2021	207	   NaN	   NaN	 NaN	   NaN	NaN
2021	208	   NaN	   NaN	 NaN	   NaN	NaN
2021	209	   NaN	   NaN	 NaN	   NaN	NaN
2021	210	   NaN	   NaN	 NaN	   NaN	NaN
2021	211	   NaN	   NaN	 NaN	   NaN	NaN
2021	212	   NaN	   NaN	 NaN	   NaN	NaN
2021	213	   NaN	   NaN	 NaN	   NaN	NaN
2021	214	   NaN	   NaN	 NaN	   NaN	NaN
2021	215	   NaN	   NaN	 NaN	   NaN	NaN
2021	216	   NaN	   NaN	 NaN	   NaN	NaN
2021	217	   NaN	   NaN	 NaN	   NaN	NaN
2021	218	   NaN	   NaN	 NaN	   NaN	NaN
2021	219	   NaN	   NaN	 NaN	   NaN	NaN
2021	220	   NaN	   NaN	 NaN	   NaN	NaN
2021	221	   NaN	   NaN	 NaN	   NaN	NaN
2021	222	   NaN	   NaN	 NaN	   NaN	NaN
2021	223	   NaN	   NaN	 NaN	   NaN	NaN
2021	224	   NaN	   NaN	 NaN	   NaN	NaN
2021	225	   NaN	   NaN	 NaN	   NaN	NaN
2021	226	   NaN	   NaN	 NaN	   NaN	NaN
2021	227	   NaN	   NaN	 NaN	   NaN	NaN
2021	228	   NaN	   NaN	 NaN	   NaN	NaN
2021	229	   NaN	   NaN	 NaN	   NaN	NaN
2021	230	   NaN	   NaN	 NaN	   NaN	NaN
2021	231	   NaN	   NaN	 NaN	   NaN	NaN
2021	232	   NaN	   NaN	 NaN	   NaN	NaN
2021	233	   NaN	   NaN	 NaN	   NaN	NaN
2021	234	   NaN	   NaN	 NaN	   NaN	NaN
2021	235	   NaN	   NaN	 NaN	   NaN	NaN
2021	236	   NaN	   NaN	 NaN	   NaN	NaN
2021	237	   NaN	   NaN	 NaN	   NaN	NaN
2021	238	   NaN	   NaN	 NaN	   NaN	NaN
2021	239	   NaN	   NaN	 NaN	   NaN	NaN
2021	240	   NaN	   NaN	 NaN	   NaN	NaN
2021	241	   NaN	   NaN	 NaN	   NaN	NaN
2021	242	   NaN	   NaN	 NaN	   NaN	NaN
2021	243	   NaN	   NaN	 NaN	   NaN	NaN
2021	244	   NaN	   NaN	 NaN	   NaN	NaN
2021	245	   NaN	   NaN	 NaN	   NaN	NaN
2021	246	   NaN	   NaN	 NaN	   NaN	NaN
2021	247	   NaN	   NaN	 NaN	   NaN	NaN
2021	248	   NaN	   NaN	 NaN	   NaN	NaN
2021	249	   NaN	   NaN	 NaN	   NaN	NaN
2021	250	   NaN	   NaN	 NaN	   NaN	NaN
2021	251	   NaN	   NaN	 NaN	   NaN	NaN
2021	252	   NaN	   NaN	 NaN	   NaN	NaN
2021	253	   NaN	   NaN	 NaN	   NaN	NaN
2021	254	   NaN	   NaN	 NaN	   NaN	NaN
2021	255	   NaN	   NaN	 NaN	   NaN	NaN
2021	256	   NaN	   NaN	 NaN	   NaN	NaN
2021	257	   NaN	   NaN	 NaN	   NaN	NaN
2021	258	   NaN	   NaN	 NaN	   NaN	NaN
2021	259	   NaN	   NaN	 NaN	   NaN	NaN
2021	260	   NaN	   NaN	 NaN	   NaN	NaN
2021	261	   NaN	   NaN	 NaN	   NaN	NaN
2021	262	   NaN	   NaN	 NaN	   NaN	NaN
2021	263	   NaN	   NaN	 NaN	   NaN	NaN
2021	264	   NaN	   NaN	 NaN	   NaN	NaN
2021	265	   NaN	   NaN	 NaN	   NaN	NaN
2021	266	   NaN	   NaN	 NaN	   NaN	NaN
2021	267	   NaN	   NaN	 NaN	   NaN	NaN
2021	268	   NaN	   NaN	 NaN	   NaN	NaN
2021	269	   NaN	   NaN	 NaN	   NaN	NaN
2021	270	   NaN	   NaN	 NaN	   NaN	NaN
2021	271	   NaN	   NaN	 NaN	   NaN	NaN
2021	272	   NaN	   NaN	 NaN	   NaN	NaN
2021	273	   NaN	   NaN	 NaN	   NaN	NaN
2021	274	   NaN	   NaN	 NaN	   NaN	NaN
2021	275	   NaN	   NaN	 NaN	   NaN	NaN
2021	276	   NaN	   NaN	 NaN	   NaN	NaN
2021	277	   NaN	   NaN	 NaN	   NaN	NaN
2021	278	   NaN	   NaN	 NaN	   NaN	NaN
2021	279	   NaN	   NaN	 NaN	   NaN	NaN
2021	280	   NaN	   NaN	 NaN	   NaN	NaN
2021	281	   NaN	   NaN	 NaN	   NaN	NaN
2021	282	   NaN	   NaN	 NaN	   NaN	NaN
2021	283	   NaN	   NaN	 NaN	   NaN	NaN
2021	284	   NaN	   NaN	 NaN	   NaN	NaN
2021	285	   NaN	   NaN	 NaN	   NaN	NaN
2021	286	   NaN	   NaN	 NaN	   NaN	NaN
2021	287	   NaN	   NaN	 NaN	   NaN	NaN
2021	288	   NaN	   NaN	 NaN	   NaN	NaN
2021	289	   NaN	   NaN	 NaN	   NaN	NaN
2021	290	   NaN	   NaN	 NaN	   NaN	NaN
2021	291	   NaN	   NaN	 NaN	   NaN	NaN
2021	292	   NaN	   NaN	 NaN	   NaN	NaN
2021	293	   NaN	   NaN	 NaN	   NaN	NaN
2021	294	   NaN	   NaN	 NaN	   NaN	NaN
2021	295	   NaN	   NaN	 NaN	   NaN	NaN
2021	296	   NaN	   NaN	 NaN	   NaN	NaN
2021	297	   NaN	   NaN	 NaN	   NaN	NaN
2021	298	   NaN	   NaN	 NaN	   NaN	NaN
2021	299	   NaN	   NaN	 NaN	   NaN	NaN
2021	300	   NaN	   NaN	 NaN	   NaN	NaN
2021	301	   NaN	   NaN	 NaN	   NaN	NaN
2021	302	   NaN	   NaN	 NaN	   NaN	NaN
2021	303	   NaN	   NaN	 NaN	   NaN	NaN
2021	304	   NaN	   NaN	 NaN	   NaN	NaN
2021	305	   NaN	   NaN	 NaN	   NaN	NaN
2021	306	   NaN	   NaN	 NaN	   NaN	NaN
2021	307	   NaN	   NaN	 NaN	   NaN	NaN
2021	308	   NaN	   NaN	 NaN	   NaN	NaN
2021	309	   NaN	   NaN	 NaN	   NaN	NaN
2021	310	   NaN	   NaN	 NaN	   NaN	NaN
2021	311	   NaN	   NaN	 NaN	   NaN	NaN
2021	312	   NaN	   NaN	 NaN	   NaN	NaN
2021	313	   NaN	   NaN	 NaN	   NaN	NaN
2021	314	   NaN	   NaN	 NaN	   NaN	NaN
2021	315	   NaN	   NaN	 NaN	   NaN	NaN
2021	316	   NaN	   NaN	 NaN	   NaN	NaN
2021	317	   NaN	   NaN	 NaN	   NaN	NaN
2021	318	   NaN	   NaN	 NaN	   NaN	NaN
2021	319	   NaN	   NaN	 NaN	   NaN	NaN
2021	320	   NaN	   NaN	 NaN	   NaN	NaN
2021	321	   NaN	   NaN	 NaN	   NaN	NaN
2021	322	   NaN	   NaN	 NaN	   NaN	NaN
2021	323	   NaN	   NaN	 NaN	   NaN	NaN
2021	324	   NaN	   NaN	 NaN	   NaN	NaN
2021	325	   NaN	   NaN	 NaN	   NaN	NaN
2021	326	   NaN	   NaN	 NaN	   NaN	NaN
2021	327	   NaN	   NaN	 NaN	   NaN	NaN
2021	328	   NaN	   NaN	 NaN	   NaN	NaN
2021	329	   NaN	   NaN	 NaN	   NaN	NaN
2021	330	   NaN	   NaN	 NaN	   NaN	NaN
2021	331	   NaN	   NaN	 NaN	   NaN	NaN
2021	332	   NaN	   NaN	 NaN	   NaN	NaN
2021	333	   NaN	   NaN	 NaN	   NaN	NaN
2021	334	   NaN	   NaN	 NaN	   NaN	NaN
2021	335	   NaN	   NaN	 NaN	   NaN	NaN
2021	336	   NaN	   NaN	 NaN	   NaN	NaN
2021	337	   NaN	   NaN	 NaN	   NaN	NaN
2021	338	   NaN	   NaN	 NaN	   NaN	NaN
2021	339	   NaN	   NaN	 NaN	   NaN	NaN
2021	340	   NaN	   NaN	 NaN	   NaN	NaN
2021	341	   NaN	   NaN	 NaN	   NaN	NaN
2021	342	   NaN	   NaN	 NaN	   NaN	NaN
2021	343	   NaN	   NaN	 NaN	   NaN	NaN
2021	344	   NaN	   NaN	 NaN	   NaN	NaN
2021	345	   NaN	   NaN	 NaN	   NaN	NaN
2021	346	   NaN	   NaN	 NaN	   NaN	NaN
2021	347	   NaN	   NaN	 NaN	   NaN	NaN
2021	348	   NaN	   NaN	 NaN	   NaN	NaN
2021	349	   NaN	   NaN	 NaN	   NaN	NaN
2021	350	   NaN	   NaN	 NaN	   NaN	NaN
2021	351	   NaN	   NaN	 NaN	   NaN	NaN
2021	352	   NaN	   NaN	 NaN	   NaN	NaN
2021	353	   NaN	   NaN	 NaN	   NaN	NaN
2021	354	   NaN	   NaN	 NaN	   NaN	NaN
2021	355	   NaN	   NaN	 NaN	   NaN	NaN
2021	356	   NaN	   NaN	 NaN	   NaN	NaN
2021	357	   NaN	   NaN	 NaN	   NaN	NaN
2021	358	   NaN	   NaN	 NaN	   NaN	NaN
2021	359	   NaN	   NaN	 NaN	   NaN	NaN
2021	360	   NaN	   NaN	 NaN	   NaN	NaN
2021	361	   NaN	   NaN	 NaN	   NaN	NaN
2021	362	   NaN	   NaN	 NaN	   NaN	NaN
2021	363	   NaN	   NaN	 NaN	   NaN	NaN
2021	364	   NaN	   NaN	 NaN	   NaN	NaN
2021	365	   NaN	   NaN	 NaN	   NaN	NaN
